logFC	AveExpr	t	P.Value	adj.P.Val	B	SYMBOL
4.77178577826922	5.66580877358892	15.1032901277942	2.74896481165307e-06	0.0231600285381771	4.43523529257986	CLIC3
3.28172623444861	5.66399288563254	12.6839879340648	8.23306082801117e-06	0.034681768737997	4.05258608962455	JUN
2.63848188547794	7.80575190730143	10.3081218824595	2.97870462848891e-05	0.0399555575168392	3.12740679478064	TNFAIP3
3.04549957628743	5.24150441831859	10.3548883035851	2.89699912924725e-05	0.0399555575168392	3.01383894239614	TSC22D3
2.39360155804443	6.69079147723168	9.90611688764231	3.80133645896406e-05	0.0399555575168392	2.89911467847087	PIK3R1
2.56941525836821	6.18098611035531	9.8742553108556	3.87698144662277e-05	0.0399555575168392	2.87030738013987	AUTS2
2.58839276783383	5.5809738391124	9.59304572172708	4.62492272174786e-05	0.0399555575168392	2.69590691353114	BICDL1
2.752814035858	5.99467047209521	9.50438025383224	4.89409821466487e-05	0.0399555575168392	2.65580215059762	PASK
2.39545559168161	4.83186335417842	9.5437191913444	4.77251627282386e-05	0.0399555575168392	2.59467060561697	DAPK2
2.61640663820614	5.34961688587976	9.14409372346179	6.18909464968563e-05	0.0426487378657889	2.42019969791749	DPEP2
2.40245199741807	5.76243612312122	8.96972285277178	6.95408076029049e-05	0.0426487378657889	2.34039982601099	NCDN
2.41537797759435	5.26615469114997	8.92232066886255	7.18036686688391e-05	0.0426487378657889	2.29081972271318	ATG2A
-2.47003571480109	10.648149982866	-8.80900006594296	7.75629549774953e-05	0.0426487378657889	2.25789963032948	GZMA
2.19788353401258	8.45002754995053	8.6383193885044	8.72635681970299e-05	0.0426487378657889	2.14233165841775	SPOCK2
3.26226017619317	5.05854385105536	8.74351626474435	8.11311571693851e-05	0.0426487378657889	2.1039267811272	ABLIM1
2.4128561618854	5.43968214252089	8.57642018065849	9.11189651731988e-05	0.0426487378657889	2.08367673957822	RGS2
4.29004610785249	2.09601058713265	9.79675282369922	4.0682956207714e-05	0.0399555575168392	1.93178774888853	KRT17
-2.05815406228359	5.11440918020182	-8.31603647059997	0.000109618493222086	0.0448740667569529	1.91582521416464	TEX30
2.39882848610003	5.24089173387782	8.32120782886102	0.000109211604846746	0.0448740667569529	1.90880758189194	DUSP2
2.42689428464177	7.15422508694807	8.28803134028204	0.000111852273222079	0.0448740667569529	1.90802945468061	GGA2
-4.83655601389757	3.78966595893695	-9.40518324283127	5.2167493493796e-05	0.0399555575168392	1.82709639414588	IL13
-2.79284184524981	4.04556770968111	-8.21191452729888	0.000118190996333238	0.0452617792776151	1.6560532760418	LIF
-2.38246484804777	5.53789585652568	-7.76463437492442	0.000164876489202828	0.0563303896748898	1.53384745612147	DUSP6
2.58426739764858	6.51408081921935	7.74750003118618	0.000167045257962345	0.0563303896748898	1.52279360859895	DDIT4
-2.16245852298731	4.2353852708221	-7.61087168590072	0.000185551897596915	0.0563303896748898	1.36556381960206	CLN6
2.1927022924235	4.66129254580449	7.43908149179565	0.000212230310406458	0.0563303896748898	1.27048450176078	YPEL2
-2.51347795904002	4.53015169713864	-7.44236984379448	0.000211680246137371	0.0563303896748898	1.2619486526188	DUSP5
2.10760994108769	6.0180060193254	7.35488208649421	0.000226885103614338	0.0563303896748898	1.22647308493337	KIAA0319L
3.07554119898539	6.71863286356535	7.21695333815532	0.000253452835945318	0.0563303896748898	1.1184098762552	PLXND1
3.11602577754551	5.84168224124148	7.15863380833374	0.000265738736798661	0.0563303896748898	1.07387489819668	AK1
-2.15104840802345	3.98782293376029	-7.20388483145277	0.000256148698959581	0.0563303896748898	1.04881943469164	SNX8
2.01224894540084	8.68341996158811	7.12088612415369	0.00027405195013338	0.0563303896748898	1.04052426208664	RSRP1
2.0061603860896	5.78674281651953	6.94332394683333	0.000317346566019788	0.0563303896748898	0.898157072366938	PCNX2
-2.27492226463675	4.93673356045619	-6.92494479599423	0.000322256110756333	0.0563303896748898	0.887763827732348	IFI30
2.23304737305802	7.94051139667934	6.88197191104969	0.000334075925884309	0.0563303896748898	0.843323319770235	CXCR4
2.19075405659934	8.74556186654445	6.84185319210779	0.000345557218283996	0.0563303896748898	0.811164594621978	RNF166
-2.12148829777725	7.46067672064608	-6.81182447031126	0.000354444655923732	0.0563433250218385	0.786251490237757	CD40LG
2.96408152606482	3.47842703885879	7.16056824785057	0.000265320505431671	0.0563303896748898	0.773549360804398	S100A2
2.2773077808594	5.82862335823736	6.74460091813755	0.000375298084011242	0.0575909019722313	0.733738504347754	OSBPL7
2.21209047138305	5.61073865573943	6.74252358283043	0.000375964345219314	0.0575909019722313	0.733137484180578	PAN2
3.55031880416253	2.23613297226375	7.18740698954042	0.000259594503309294	0.0563303896748898	0.722567899076386	KRT8
2.18141008528236	5.00308471601897	6.7032076428012	0.00038883093986544	0.0575969973370621	0.70627382870075	SKIL
2.05094412158027	5.18868311539871	6.60401669290499	0.000423574851170718	0.0585019364116934	0.619425002858266	PDXDC2P
3.17417807317145	5.71746124371279	6.48249521432226	0.000471043415572356	0.0636931166282096	0.517657453609539	ATP8A1
2.78378234647819	5.20702410345424	6.46211503971635	0.000479581540288816	0.0636931166282096	0.504446208983184	D2HGDH
-2.35432603204461	4.74307098400517	-6.40530882720369	0.000504321710030372	0.0650285272062657	0.456435986081121	IFNG
2.27659680120377	4.77537823866556	6.37886623150407	0.000516329318186653	0.0650285272062657	0.43437928657787	TPCN1
-3.278773904094	4.47361056714629	-6.31253084204048	0.000547905231062375	0.0662680088816914	0.363807034293941	CSF2
-3.57804273188467	4.19139547980816	-6.30708195181249	0.000550594732548178	0.0662680088816914	0.319603757949299	OSM
-3.63294893254918	6.76621319893746	-6.20739718117934	0.000602537311943556	0.0685996872043846	0.258836726503123	RRM2
-2.08558489522426	4.9723197456317	-6.19159901722649	0.00061126856459009	0.0686658354222868	0.258536456174124	LDLR
3.43212077891571	3.89538137745118	6.22879666217844	0.000590934716312134	0.0685996872043846	0.195078695018086	TNNT3
-2.28748238125374	5.04585933732235	-6.05127145571288	0.000695439434656813	0.070601666315616	0.131638095999508	CCR1
-2.44191766456966	3.26020929230211	-6.10421413490678	0.000662230413825975	0.0699129341838831	0.0903809956533639	BCL9
-2.04891802049468	6.05933555164865	-6.02794780606772	0.000710664466886954	0.0712779539705069	0.0883385396521037	NUDT1
3.89387665038276	2.53207923428381	6.16700196235694	0.000625149499382891	0.0693011122671166	0.0749817741679308	ST6GALNAC2
-2.1660052600196	7.51955783586055	-5.99468877499993	0.000733031782367881	0.07265638548764	0.0562061928336899	EBP
2.34140619120464	5.4453726853923	5.9377536833498	0.000773195242712248	0.0737616496372381	0.0197561326313132	TSPYL2
3.75331819021701	3.44094450441741	6.05711138459203	0.000691685297073759	0.070601666315616	0.00422630516979883	C1QTNF6
-2.22519603847096	6.70516103527544	-5.92793614041312	0.000780369415367712	0.0737616496372381	-0.00803880441811256	CISH
2.10836972875463	6.5905376852286	5.89163888918504	0.000807554870440975	0.0738412468539385	-0.0416183741799339	PLA2G6
-2.15506736200776	4.43733411285197	-5.71697526941446	0.000954281402649825	0.078056512789561	-0.158219787897675	CX3CR1
-2.0707791524107	7.95970822326842	-5.73970297102276	0.000933582689524001	0.0775360051922122	-0.190099348746503	PCNA
-4.5277375504564	2.07901442017415	-5.75948366383323	0.000915979835509496	0.0773816025707343	-0.235183008227279	TNFRSF8
-2.84292650685328	4.41738627915796	-5.61767256377012	0.00105100781730053	0.0794392395285586	-0.243046575661745	ACOT7
2.65517194687148	4.30137658571977	5.50534946113872	0.00117399570208197	0.0794392395285586	-0.346769755454575	SNAI3
-2.78726485769736	5.31027711672914	-5.49044597342851	0.00119150149268533	0.0794392395285586	-0.406923015935992	ZWINT
-2.90260532402984	6.69700540930217	-5.48538381490106	0.00119751433866576	0.0794392395285586	-0.440985939390404	TYMS
2.3295321482276	3.84379210099053	5.3860445724572	0.0013227124660016	0.0794392395285586	-0.461635013110693	TRIM73
2.16385128485919	6.38040894947472	5.44569419797038	0.0012458607563011	0.0794392395285586	-0.482099077474843	SGSM2
-2.01856764627501	7.25166541089068	-5.42537285289763	0.00127146297892464	0.0794392395285586	-0.504772573257532	H2AX
-2.64034220554947	4.36879074578261	-5.33552797933004	0.00139198779673608	0.0794392395285586	-0.514852362739748	PSAT1
-2.70735391538737	5.13362741378948	-5.37337061571034	0.00133972065187423	0.0794392395285586	-0.517593033780731	ASF1B
2.87071631064574	2.90349389420592	5.34724346791239	0.00137556535650273	0.0794392395285586	-0.567998426708835	SPIRE2
-2.00990218041324	4.25692309573887	-5.26804090827508	0.00149099524610548	0.0794392395285586	-0.589651341265563	NRROS
2.20593426361943	3.85240328899474	5.22970197768646	0.00155075540059732	0.0794392395285586	-0.608730217254608	FAM229A
-2.34347053048351	9.63396127524831	-5.2969183538249	0.0014476917315097	0.0794392395285586	-0.640943134383618	TUBA1B
-2.62806788034626	5.76346799197167	-5.26968503697228	0.0014884910228565	0.0794392395285586	-0.653030782832833	MCM5
2.43500052552895	3.60641074105153	5.12988916912875	0.00171937446836248	0.0794392395285586	-0.712301669118679	PLA2G4B
-2.00765135191001	5.42348859395014	-5.15540451724708	0.00167439018550837	0.0794392395285586	-0.777703308470394	NDFIP2
-2.79099573408743	5.26629977145348	-5.11353144429318	0.00174892719979487	0.0794392395285586	-0.792617020145704	FEN1
2.23668734951882	3.23612341378704	5.0227027293809	0.00192376608264798	0.0794392395285586	-0.829290515648146	EPHA4
2.94974040671769	2.72178749022357	5.03070260216231	0.00190760382455886	0.0794392395285586	-0.84584803136292	EPHA1
2.33081969294407	2.64007832218062	5.0037240547744	0.00196272711343881	0.0794392395285586	-0.877419312091339	ERVW-1
-2.24083854948387	6.64628827146766	-5.06488687387918	0.00184023628888453	0.0794392395285586	-0.88744345697337	FADS2
-2.1500478955776	4.70761724940089	-4.96969362525564	0.00203482416287056	0.0794392395285586	-0.92927859993289	CENPN
2.68164145071473	5.37701568499264	4.94589600623078	0.00208700617593878	0.0794392395285586	-0.970334350196531	HSF4
2.65052141603692	3.72114119355193	4.78388262770307	0.00248481509108835	0.0794392395285586	-1.04853257045658	JMJD7-PLA2G4B
2.90751890733131	2.37168763830266	4.77575663878715	0.00250689623836746	0.0794392395285586	-1.08575398945283	BAIAP3
-2.08438533245324	3.86137319382833	-4.74130224997139	0.00260299092951352	0.0794392395285586	-1.10781657056565	PTRH2
2.73487720478667	2.96244380307472	4.7266642922712	0.00264505799788269	0.0794392395285586	-1.12633012119186	TAGLN
-3.15312960627839	2.38817666507961	-4.72882442377666	0.00263880259986842	0.0794392395285586	-1.12971785309984	CHAC2
2.12585576347378	7.31149926481156	4.83426389874344	0.00235267385055896	0.0794392395285586	-1.14192727449405	PIK3IP1
-2.79776066545088	3.9995379362909	-4.65876084530179	0.00285040443767635	0.0794392395285586	-1.18604155685626	RAD51
-2.85269594408031	3.90243740348763	-4.6258326272651	0.00295634905341332	0.0794392395285586	-1.21514113717165	CDC45
-2.34982248184891	5.35925725228256	-4.73269941141502	0.00262762265446965	0.0794392395285586	-1.23070520364538	DHCR24
-2.77971349862152	5.09800717884055	-4.67922721223731	0.00278669513104331	0.0794392395285586	-1.25400688860207	NME1
-2.40178813985813	3.20463524968985	-4.55438237091994	0.00320169342276981	0.0794392395285586	-1.28404139346743	GINS4
-2.5533558088892	5.29996521461917	-4.67075920105882	0.00281286005378392	0.0794392395285586	-1.29026930143612	NQO1
2.55677155877049	2.68045941536886	4.5192412921056	0.00333063092263919	0.0794392395285586	-1.33059993702147	ZMAT1
-2.09493898340085	2.65473058702954	-4.50789433667277	0.00337349302795095	0.0794392395285586	-1.34708344885808	RMI2
2.12119641116192	5.09162721365628	4.58672810044943	0.00308791749169128	0.0794392395285586	-1.37446131295014	CSAD
-2.11682442131517	2.68641770203673	-4.46939545458458	0.00352356558198715	0.0794392395285586	-1.38432919147258	NUDT8
-2.29210178745135	3.68322091135126	-4.45935219319398	0.00356392849464587	0.0794392395285586	-1.39442264531187	FAM111B
-2.79786934948044	6.51885503624063	-4.57851631226186	0.00311636899757131	0.0794392395285586	-1.425086074655	PCLAF
-3.09523296593964	3.6615201592012	-4.39177709266388	0.00384927726870478	0.0794392395285586	-1.45247573995344	CDC6
-2.84119313759809	4.62100827052336	-4.44306193338229	0.00363049722917854	0.0794392395285586	-1.47181613569764	MCM2
-2.91523875730333	4.61020273259631	-4.43792412804329	0.00365177876983558	0.0794392395285586	-1.47286330763346	MYBL2
2.72974833153898	7.69546838343843	4.51221340398095	0.00335710607631286	0.0794392395285586	-1.51988116725826	ABCA2
2.84875907396178	3.66258510814782	4.31792620942808	0.00419054952570478	0.0794392395285586	-1.53085430375065	NTNG2
-2.29895704916288	4.08500737003927	-4.36406308799353	0.00397358420833312	0.0794392395285586	-1.53228201587942	TIMELESS
-2.85386396237134	4.58306592242301	-4.36921692375471	0.00395013345523279	0.0794392395285586	-1.55175589401034	UHRF1
2.33447185116969	2.66054490712989	4.27494363736676	0.00440458230906983	0.0794392395285586	-1.57786560150175	SYNM
-2.20754520568849	4.11702827818771	-4.31344915550238	0.00421229488882682	0.0794392395285586	-1.59719263934933	CDT1
-2.23400440587092	4.95603870596526	-4.38290310067859	0.00388860297068981	0.0794392395285586	-1.60937072043317	CDCA5
-2.09129580918699	5.62390836754198	-4.41236456666828	0.00375973559506093	0.0794392395285586	-1.61606750545682	MRPL27
2.13376333775172	4.10312650802745	4.27587861048048	0.00439979935149978	0.0794392395285586	-1.62793835507103	TPM2
-2.25162767019673	3.81306608795212	-4.24830651609005	0.00454330285539684	0.0794392395285586	-1.63949070050875	GGH
-2.00378915472936	3.95448181870978	-4.23564234364514	0.00461095089599079	0.0794392395285586	-1.6782405625491	KIF15
2.13085667145892	3.22371970412752	4.16487506174982	0.00501015471488622	0.0794392395285586	-1.69277498844811	MORN3
-2.7825616348482	3.87969837424856	-4.18415938640961	0.00489769894479336	0.0794392395285586	-1.69851361829949	SLC43A3
2.33502481750193	3.56820926387209	4.1626681479673	0.00502320573429813	0.0794392395285586	-1.70569441640251	VASH1
2.16524004952831	2.99965552981009	4.14088347004281	0.00515407494398482	0.0794392395285586	-1.71656675221882	PDE9A
-2.19387096281287	4.29063077827064	-4.21720837041072	0.0047114259830785	0.0794392395285586	-1.72992794859246	E2F2
2.20831618395323	3.33825271078751	4.13261757186298	0.0052047165062737	0.0794392395285586	-1.73150542532886	KIAA0513
-2.89236679617169	4.99257960250729	-4.24903738451405	0.00453943254431131	0.0794392395285586	-1.73355447013084	TK1
-2.15716936194219	3.95290654767483	-4.16193243264459	0.00502756490314702	0.0794392395285586	-1.75687408116963	SKA1
2.02338779195778	2.79780487387021	4.10322819489502	0.00538928632337772	0.079550742716136	-1.7573741791849	EFEMP2
-2.32229490700171	4.54956567095311	-4.21107239579962	0.0047454073519869	0.0794392395285586	-1.76155807158953	MELK
-2.81393442277989	4.01849567921025	-4.1310744628584	0.00521423138982705	0.0794392395285586	-1.77090320164174	CENPW
-2.08841058226909	5.0966088010288	-4.24489234589856	0.00456143116975163	0.0794392395285586	-1.79375214531395	MAD2L1
-3.25261086812228	2.65479209233391	-4.05662791068654	0.00569697865576002	0.079550742716136	-1.80686309131723	MCM10
2.69585058452312	2.80761529861854	4.05434471664031	0.00571254591611422	0.079550742716136	-1.80932064915124	AMY2B
3.141158484176	2.75009873778641	4.02744694941161	0.00589952542697403	0.0803001177915909	-1.83841973397114	TEKTIP1
